{
 "cells": [
  {
   "cell_type": "code",
   "execution_count": 2,
   "id": "704078e9",
   "metadata": {},
   "outputs": [],
   "source": [
    "import numpy as np\n",
    "import pandas as pd\n",
    "import nltk"
   ]
  },
  {
   "cell_type": "code",
   "execution_count": 3,
   "id": "37be3093",
   "metadata": {},
   "outputs": [],
   "source": [
    "df= pd.read_csv('../data/processed/nlp/cleaned_data.csv')"
   ]
  },
  {
   "cell_type": "code",
   "execution_count": 4,
   "id": "2ebba0ab",
   "metadata": {},
   "outputs": [
    {
     "data": {
      "text/html": [
       "<div>\n",
       "<style scoped>\n",
       "    .dataframe tbody tr th:only-of-type {\n",
       "        vertical-align: middle;\n",
       "    }\n",
       "\n",
       "    .dataframe tbody tr th {\n",
       "        vertical-align: top;\n",
       "    }\n",
       "\n",
       "    .dataframe thead th {\n",
       "        text-align: right;\n",
       "    }\n",
       "</style>\n",
       "<table border=\"1\" class=\"dataframe\">\n",
       "  <thead>\n",
       "    <tr style=\"text-align: right;\">\n",
       "      <th></th>\n",
       "      <th>company_name</th>\n",
       "      <th>title</th>\n",
       "      <th>description</th>\n",
       "      <th>location</th>\n",
       "      <th>tokens</th>\n",
       "    </tr>\n",
       "  </thead>\n",
       "  <tbody>\n",
       "    <tr>\n",
       "      <th>0</th>\n",
       "      <td>Corcoran Sawyer Smith</td>\n",
       "      <td>Marketing Coordinator</td>\n",
       "      <td>Job descriptionA leading real estate firm in N...</td>\n",
       "      <td>Princeton, NJ</td>\n",
       "      <td>['job', 'descriptiona', 'lead', 'real', 'estat...</td>\n",
       "    </tr>\n",
       "    <tr>\n",
       "      <th>1</th>\n",
       "      <td>NaN</td>\n",
       "      <td>Mental Health Therapist/Counselor</td>\n",
       "      <td>At Aspen Therapy and Wellness , we are committ...</td>\n",
       "      <td>Fort Collins, CO</td>\n",
       "      <td>['aspen', 'therapy', 'wellness', 'commit', 'se...</td>\n",
       "    </tr>\n",
       "    <tr>\n",
       "      <th>2</th>\n",
       "      <td>The National Exemplar</td>\n",
       "      <td>Assitant Restaurant Manager</td>\n",
       "      <td>The National Exemplar is accepting application...</td>\n",
       "      <td>Cincinnati, OH</td>\n",
       "      <td>['national', 'exemplar', 'accept', 'applicatio...</td>\n",
       "    </tr>\n",
       "    <tr>\n",
       "      <th>3</th>\n",
       "      <td>Abrams Fensterman, LLP</td>\n",
       "      <td>Senior Elder Law / Trusts and Estates Associat...</td>\n",
       "      <td>Senior Associate Attorney - Elder Law / Trusts...</td>\n",
       "      <td>New Hyde Park, NY</td>\n",
       "      <td>['senior', 'associate', 'attorney', 'elder', '...</td>\n",
       "    </tr>\n",
       "    <tr>\n",
       "      <th>4</th>\n",
       "      <td>NaN</td>\n",
       "      <td>Service Technician</td>\n",
       "      <td>Looking for HVAC service tech with experience ...</td>\n",
       "      <td>Burlington, IA</td>\n",
       "      <td>['looking', 'hvac', 'service', 'tech', 'experi...</td>\n",
       "    </tr>\n",
       "  </tbody>\n",
       "</table>\n",
       "</div>"
      ],
      "text/plain": [
       "             company_name                                              title  \\\n",
       "0   Corcoran Sawyer Smith                              Marketing Coordinator   \n",
       "1                     NaN                  Mental Health Therapist/Counselor   \n",
       "2  The National Exemplar                         Assitant Restaurant Manager   \n",
       "3  Abrams Fensterman, LLP  Senior Elder Law / Trusts and Estates Associat...   \n",
       "4                     NaN                                 Service Technician   \n",
       "\n",
       "                                         description           location  \\\n",
       "0  Job descriptionA leading real estate firm in N...      Princeton, NJ   \n",
       "1  At Aspen Therapy and Wellness , we are committ...   Fort Collins, CO   \n",
       "2  The National Exemplar is accepting application...     Cincinnati, OH   \n",
       "3  Senior Associate Attorney - Elder Law / Trusts...  New Hyde Park, NY   \n",
       "4  Looking for HVAC service tech with experience ...     Burlington, IA   \n",
       "\n",
       "                                              tokens  \n",
       "0  ['job', 'descriptiona', 'lead', 'real', 'estat...  \n",
       "1  ['aspen', 'therapy', 'wellness', 'commit', 'se...  \n",
       "2  ['national', 'exemplar', 'accept', 'applicatio...  \n",
       "3  ['senior', 'associate', 'attorney', 'elder', '...  \n",
       "4  ['looking', 'hvac', 'service', 'tech', 'experi...  "
      ]
     },
     "execution_count": 4,
     "metadata": {},
     "output_type": "execute_result"
    }
   ],
   "source": [
    "df.head()"
   ]
  },
  {
   "cell_type": "code",
   "execution_count": 5,
   "id": "e2ddf42d",
   "metadata": {},
   "outputs": [
    {
     "data": {
      "text/plain": [
       "company_name    1034\n",
       "title              0\n",
       "description        0\n",
       "location           0\n",
       "tokens             0\n",
       "dtype: int64"
      ]
     },
     "execution_count": 5,
     "metadata": {},
     "output_type": "execute_result"
    }
   ],
   "source": [
    "df.isnull().sum()"
   ]
  },
  {
   "cell_type": "markdown",
   "id": "ffcc7b51",
   "metadata": {},
   "source": [
    "TFIDF"
   ]
  },
  {
   "cell_type": "code",
   "execution_count": 6,
   "id": "6d24f7ec",
   "metadata": {},
   "outputs": [],
   "source": [
    "df = df[df[\"tokens\"].apply(len) > 0]\n"
   ]
  },
  {
   "cell_type": "code",
   "execution_count": 7,
   "id": "7fc25bc1",
   "metadata": {},
   "outputs": [],
   "source": [
    "import ast\n",
    "\n",
    "def parse_tokens(x):\n",
    "    try:\n",
    "        return ast.literal_eval(x)\n",
    "    except:\n",
    "        return []\n",
    "\n",
    "\n",
    "df[\"tokens\"] = df[\"tokens\"].apply(parse_tokens)\n"
   ]
  },
  {
   "cell_type": "code",
   "execution_count": 8,
   "id": "a2618141",
   "metadata": {},
   "outputs": [],
   "source": [
    "from sklearn.feature_extraction.text import TfidfVectorizer\n",
    "df[\"text\"] = df[\"tokens\"].apply(lambda tokens: \" \".join(tokens))\n",
    "\n",
    "\n",
    "vectorizer = TfidfVectorizer(\n",
    "    max_features=10000,\n",
    "    min_df=2,\n",
    "    max_df=0.98,\n",
    "    ngram_range=(1,2),\n",
    "    stop_words=None\n",
    ")\n",
    "\n",
    "X_tfidf = vectorizer.fit_transform(df[\"text\"])\n",
    "\n",
    "np.set_printoptions(edgeitems=30, linewidth=100000, \n",
    "    formatter=dict(float=lambda x: \"%.3g\" % x))"
   ]
  },
  {
   "cell_type": "code",
   "execution_count": 9,
   "id": "3cfafaba",
   "metadata": {},
   "outputs": [],
   "source": [
    "from sklearn.metrics.pairwise import cosine_similarity\n",
    "\n",
    "similarity_matrix = cosine_similarity(X_tfidf)\n"
   ]
  },
  {
   "cell_type": "code",
   "execution_count": 10,
   "id": "8e0a35ae",
   "metadata": {},
   "outputs": [
    {
     "data": {
      "text/plain": [
       "array([[1, 0.0414, 0.0256, 0.0908, 0.00284, 0.0886, 0.059, 0.0522, 0.0259, 0.0602, 0.0642, 0.0775, 0.0782, 0.0555, 0.2, 0.0632, 0.0915, 0.0466, 0.0616, 0.144, 0.04, 0.0568, 0.013, 0.0258, 0.0493, 0.0652, 0.0514, 0.0588, 0.0969, 0.0146, ..., 0.039, 0.039, 0.0289, 0.041, 0.0532, 0.0524, 0.0378, 0.0498, 0.0498, 0.0423, 0.105, 0.0647, 0.0217, 0.0751, 0.108, 0.0511, 0.0599, 0.0288, 0.0381, 0.0131, 0.066, 0.0226, 0.0535, 0.0978, 0.0215, 0.041, 0.0447, 0.0689, 0.0666, 0.0359],\n",
       "       [0.0414, 1, 0.0702, 0.0464, 0.024, 0.0801, 0.0237, 0.0825, 0.143, 0.0658, 0.0512, 0.0571, 0.0817, 0.0289, 0.0522, 0.162, 0.0661, 0.0531, 0.0425, 0.0209, 0.0485, 0.165, 0.0162, 0.00877, 0.121, 0.0608, 0.0639, 0.0396, 0.0713, 0.0506, ..., 0.0723, 0.0723, 0.0792, 0.0678, 0.0882, 0.069, 0.0743, 0.0942, 0.0942, 0.0505, 0.0789, 0.0556, 0.0359, 0.118, 0.0554, 0.0198, 0.0579, 0.0644, 0.0323, 0.0315, 0.0891, 0.0324, 0.0547, 0.0854, 0.0215, 0.0482, 0.0445, 0.0487, 0.0513, 0.0183],\n",
       "       [0.0256, 0.0702, 1, 0.00873, 0.0099, 0.0306, 0.0193, 0.0424, 0.0134, 0.0399, 0.048, 0.0541, 0.0296, 0.0171, 0.00333, 0.019, 0.0428, 0.0263, 0.0143, 0.00394, 0.0316, 0.0678, 0, 0, 0.0328, 0.124, 0.0206, 0.0104, 0.0197, 0.0284, ..., 0.0137, 0.0137, 0.015, 0.0203, 0.016, 0.00677, 0.00968, 0.0188, 0.0188, 0.0106, 0.0206, 0.0457, 0.00328, 0.0307, 0.0183, 0.0101, 0.0301, 0.0715, 0.0214, 0.00618, 0.0214, 0.00518, 0.00668, 0.0313, 0.00394, 0.0474, 0.0264, 0.00503, 0.0316, 0.0051],\n",
       "       [0.0908, 0.0464, 0.00873, 1, 0.00668, 0.0673, 0.0149, 0.0441, 0.0224, 0.0325, 0.0371, 0.0692, 0.0558, 0.0513, 0.0284, 0.0521, 0.0476, 0.0219, 0.0256, 0.171, 0.0369, 0.0447, 0.0212, 0.00745, 0.171, 0.00123, 0.0234, 0.0299, 0.0503, 0.00842, ..., 0.0712, 0.0712, 0.0567, 0.0573, 0.0632, 0.182, 0.0555, 0.0635, 0.0635, 0.0436, 0.0542, 0.0491, 0.0284, 0.0518, 0.037, 0.0327, 0.025, 0.0428, 0.0416, 0.02, 0.048, 0.0477, 0.0164, 0.0559, 0.0112, 0.0128, 0.0351, 0.0311, 0.0424, 0.0233],\n",
       "       [0.00284, 0.024, 0.0099, 0.00668, 1, 0.013, 0.013, 0.0781, 0.0227, 0.00878, 0.054, 0.00267, 0.055, 0.0155, 0.00581, 0.0157, 0.0089, 0.0194, 0.00598, 0.00376, 0.0159, 0.02, 0.00814, 0.298, 0.0142, 0.0135, 0.00713, 0.00614, 0.0924, 0, ..., 0.0242, 0.0242, 0.0265, 0.0303, 0.0209, 0.022, 0.0215, 0.0195, 0.0195, 0.0182, 0.0152, 0.022, 0.00604, 0.0214, 0.0186, 0.0153, 0.0298, 0.00586, 0.0211, 0.0614, 0.0199, 0.0286, 0.0296, 0.0171, 0.00231, 0.00902, 0.00898, 0.0196, 0.055, 0.0187],\n",
       "       [0.0886, 0.0801, 0.0306, 0.0673, 0.013, 1, 0.0129, 0.0695, 0.0275, 0.0718, 0.036, 0.0645, 0.146, 0.0205, 0.0404, 0.0422, 0.0953, 0.0501, 0.0425, 0.0292, 0.0741, 0.0597, 0.0234, 0.0049, 0.0956, 0.0299, 0.066, 0.0316, 0.0623, 0.0145, ..., 0.0458, 0.0458, 0.0485, 0.0739, 0.0401, 0.0848, 0.0527, 0.0598, 0.0598, 0.0328, 0.0928, 0.0839, 0.0483, 0.106, 0.0599, 0.0394, 0.0444, 0.0197, 0.0415, 0.0332, 0.0446, 0.0563, 0.0727, 0.105, 0.013, 0.0292, 0.0437, 0.0523, 0.0944, 0.0272],\n",
       "       [0.059, 0.0237, 0.0193, 0.0149, 0.013, 0.0129, 1, 0.0165, 0.00988, 0.0476, 0.0257, 0.0544, 0.0349, 0.0731, 0.00842, 0.0406, 0.0292, 0.0284, 0.0269, 0.00573, 0.00804, 0.0231, 0.00735, 0.00851, 0.0357, 0.0335, 0.0434, 0.016, 0.0264, 0.014, ..., 0.0477, 0.0477, 0.038, 0.0214, 0.0625, 0.0335, 0.0374, 0.0378, 0.0378, 0.0333, 0.0232, 0.0342, 0.00615, 0.0221, 0.0687, 0.0219, 0.0113, 0.00738, 0.0129, 0.0135, 0.0894, 0.0395, 0.02, 0.0451, 0.0121, 0.0299, 0.0264, 0.0185, 0.018, 0.0266],\n",
       "       [0.0522, 0.0825, 0.0424, 0.0441, 0.0781, 0.0695, 0.0165, 1, 0.0556, 0.0671, 0.0638, 0.0771, 0.0982, 0.0472, 0.0396, 0.0862, 0.0799, 0.0617, 0.0407, 0.0535, 0.0545, 0.0664, 0.0383, 0.00757, 0.0256, 0.0438, 0.0316, 0.0388, 0.202, 0.101, ..., 0.0599, 0.0599, 0.0382, 0.0726, 0.078, 0.0559, 0.0518, 0.068, 0.068, 0.0585, 0.104, 0.0676, 0.0833, 0.0755, 0.0617, 0.0299, 0.0706, 0.0872, 0.0893, 0.142, 0.0721, 0.0399, 0.121, 0.0725, 0.0512, 0.035, 0.0486, 0.0726, 0.0558, 0.0334],\n",
       "       [0.0259, 0.143, 0.0134, 0.0224, 0.0227, 0.0275, 0.00988, 0.0556, 1, 0.0265, 0.0384, 0.0271, 0.0417, 0.00957, 0.0498, 0.15, 0.0362, 0.0214, 0.0169, 0.0208, 0.0447, 0.0739, 0.00819, 0.00429, 0.0131, 0.0145, 0.0218, 0.0245, 0.0443, 0.0291, ..., 0.0326, 0.0326, 0.0344, 0.0377, 0.0369, 0.035, 0.0317, 0.0406, 0.0406, 0.0277, 0.0412, 0.0373, 0.0315, 0.0533, 0.0271, 0.0127, 0.0198, 0.0226, 0.0245, 0.0319, 0.0288, 0.0331, 0.0473, 0.0326, 0.01, 0.0253, 0.0467, 0.0311, 0.0319, 0.0492],\n",
       "       [0.0602, 0.0658, 0.0399, 0.0325, 0.00878, 0.0718, 0.0476, 0.0671, 0.0265, 1, 0.0597, 0.0775, 0.0744, 0.0214, 0.0282, 0.056, 0.0302, 0.0371, 0.0632, 0.0292, 0.1, 0.0978, 0.022, 0, 0.0846, 0.0372, 0.0265, 0.04, 0.0561, 0.0607, ..., 0.0849, 0.0849, 0.0794, 0.105, 0.0844, 0.0681, 0.0877, 0.0927, 0.0927, 0.0678, 0.0592, 0.0359, 0.0408, 0.0687, 0.0734, 0.0291, 0.0491, 0.0298, 0.0504, 0.022, 0.0498, 0.027, 0.0586, 0.0721, 0.0134, 0.0468, 0.0446, 0.0418, 0.0219, 0.0238],\n",
       "       [0.0642, 0.0512, 0.048, 0.0371, 0.054, 0.036, 0.0257, 0.0638, 0.0384, 0.0597, 1, 0.0839, 0.0874, 0.0367, 0.0841, 0.103, 0.0751, 0.101, 0.0208, 0.0252, 0.0226, 0.105, 0.0459, 0.0125, 0.0736, 0.0377, 0.103, 0.044, 0.0528, 0.0124, ..., 0.0668, 0.0668, 0.0446, 0.112, 0.091, 0.0516, 0.0588, 0.0603, 0.0603, 0.0497, 0.0736, 0.0537, 0.0503, 0.0387, 0.142, 0.0371, 0.0849, 0.0492, 0.0671, 0.0569, 0.0603, 0.0229, 0.0783, 0.0872, 0.0547, 0.101, 0.0545, 0.0166, 0.0557, 0.0982],\n",
       "       [0.0775, 0.0571, 0.0541, 0.0692, 0.00267, 0.0645, 0.0544, 0.0771, 0.0271, 0.0775, 0.0839, 1, 0.066, 0.074, 0.0342, 0.0564, 0.0685, 0.0418, 0.0595, 0.0376, 0.0151, 0.0512, 0.0289, 0.0505, 0.0384, 0.0515, 0.0653, 0.047, 0.0427, 0.0374, ..., 0.052, 0.052, 0.0328, 0.064, 0.0461, 0.0696, 0.0497, 0.0339, 0.0339, 0.0276, 0.0954, 0.0344, 0.0495, 0.0425, 0.029, 0.0487, 0.034, 0.0508, 0.0201, 0.0274, 0.0423, 0.089, 0.0911, 0.0544, 0.0216, 0.033, 0.0376, 0.0384, 0.0549, 0.0521],\n",
       "       [0.0782, 0.0817, 0.0296, 0.0558, 0.055, 0.146, 0.0349, 0.0982, 0.0417, 0.0744, 0.0874, 0.066, 1, 0.0212, 0.0941, 0.0753, 0.1, 0.0825, 0.0919, 0.0709, 0.0725, 0.0768, 0.0315, 0.017, 0.0851, 0.0881, 0.0883, 0.0468, 0.0619, 0.0655, ..., 0.186, 0.186, 0.116, 0.195, 0.121, 0.172, 0.131, 0.171, 0.171, 0.115, 0.106, 0.0878, 0.0636, 0.0971, 0.1, 0.0577, 0.0591, 0.0794, 0.0598, 0.0235, 0.0943, 0.04, 0.0918, 0.0859, 0.043, 0.0766, 0.0621, 0.0407, 0.0898, 0.0521],\n",
       "       [0.0555, 0.0289, 0.0171, 0.0513, 0.0155, 0.0205, 0.0731, 0.0472, 0.00957, 0.0214, 0.0367, 0.074, 0.0212, 1, 0.00457, 0.0173, 0.0217, 0.0132, 0.0247, 0.00493, 0.0119, 0.0257, 0, 0, 0.0423, 0.0133, 0.0258, 0.0177, 0.0338, 0, ..., 0.0279, 0.0279, 0.0292, 0.0245, 0.0262, 0.0304, 0.0318, 0.0323, 0.0323, 0.0242, 0.0571, 0.0454, 0.0227, 0.0348, 0.0268, 0.0257, 0.0018, 0, 0.029, 0.0145, 0.0281, 0.02, 0.0406, 0.0741, 0.00412, 0.0377, 0.0234, 0.0151, 0.0362, 0.0421],\n",
       "       [0.2, 0.0522, 0.00333, 0.0284, 0.00581, 0.0404, 0.00842, 0.0396, 0.0498, 0.0282, 0.0841, 0.0342, 0.0941, 0.00457, 1, 0.0635, 0.034, 0.0191, 0.0293, 0.0297, 0.0215, 0.095, 0.0437, 0.00386, 0.0318, 0.0156, 0.0724, 0.0299, 0.0352, 0.0155, ..., 0.0367, 0.0367, 0.0391, 0.0858, 0.0509, 0.0499, 0.0885, 0.0938, 0.0938, 0.0382, 0.0576, 0.0405, 0.032, 0.0332, 0.0884, 0.0485, 0.111, 0.027, 0.0271, 0.0246, 0.0362, 0.0455, 0.0453, 0.0978, 0.0142, 0.0352, 0.0383, 0.0158, 0.0361, 0.0315],\n",
       "       [0.0632, 0.162, 0.019, 0.0521, 0.0157, 0.0422, 0.0406, 0.0862, 0.15, 0.056, 0.103, 0.0564, 0.0753, 0.0173, 0.0635, 1, 0.0721, 0.0481, 0.0311, 0.0348, 0.0328, 0.103, 0.035, 0.0212, 0.113, 0.0455, 0.0492, 0.0286, 0.0488, 0.0352, ..., 0.0787, 0.0787, 0.0546, 0.112, 0.0876, 0.0684, 0.0597, 0.0739, 0.0739, 0.0589, 0.0489, 0.0731, 0.0383, 0.0711, 0.0579, 0.0313, 0.0327, 0.0352, 0.0615, 0.0397, 0.079, 0.0237, 0.0596, 0.0908, 0.0261, 0.0549, 0.0396, 0.0379, 0.0584, 0.0402],\n",
       "       [0.0915, 0.0661, 0.0428, 0.0476, 0.0089, 0.0953, 0.0292, 0.0799, 0.0362, 0.0302, 0.0751, 0.0685, 0.1, 0.0217, 0.034, 0.0721, 1, 0.0892, 0.0566, 0.0923, 0.0452, 0.0756, 0.024, 0.00376, 0.0717, 0.0275, 0.0544, 0.0776, 0.0645, 0.045, ..., 0.147, 0.147, 0.147, 0.134, 0.103, 0.145, 0.123, 0.123, 0.123, 0.0693, 0.0769, 0.094, 0.0361, 0.0797, 0.0861, 0.0219, 0.0725, 0.0305, 0.0373, 0.0279, 0.146, 0.0292, 0.0644, 0.0684, 0.0338, 0.0413, 0.0522, 0.045, 0.0649, 0.0384],\n",
       "       [0.0466, 0.0531, 0.0263, 0.0219, 0.0194, 0.0501, 0.0284, 0.0617, 0.0214, 0.0371, 0.101, 0.0418, 0.0825, 0.0132, 0.0191, 0.0481, 0.0892, 1, 0.0303, 0.0353, 0.0139, 0.0444, 0.0237, 0.00436, 0.0574, 0.0481, 0.0195, 0.0497, 0.0435, 0.0213, ..., 0.0958, 0.0958, 0.0724, 0.0936, 0.102, 0.088, 0.0739, 0.0784, 0.0784, 0.0573, 0.0392, 0.0437, 0.0452, 0.0374, 0.0526, 0.0151, 0.0435, 0.0639, 0.0337, 0.0279, 0.0901, 0.0131, 0.0784, 0.0468, 0.0247, 0.0704, 0.0353, 0.0881, 0.0476, 0.0213],\n",
       "       [0.0616, 0.0425, 0.0143, 0.0256, 0.00598, 0.0425, 0.0269, 0.0407, 0.0169, 0.0632, 0.0208, 0.0595, 0.0919, 0.0247, 0.0293, 0.0311, 0.0566, 0.0303, 1, 0.0419, 0.0101, 0.0372, 0.0129, 0.0107, 0.0499, 0.0554, 0.0363, 0.0392, 0.0239, 0.00738, ..., 0.0398, 0.0398, 0.0424, 0.0599, 0.0446, 0.0419, 0.054, 0.0569, 0.0569, 0.0381, 0.0369, 0.0299, 0.0262, 0.0448, 0.0697, 0.0194, 0.0297, 0.0223, 0.0201, 0.00956, 0.0411, 0.0261, 0.0516, 0.0464, 0.0191, 0.028, 0.0282, 0.0264, 0.0341, 0.0276],\n",
       "       [0.144, 0.0209, 0.00394, 0.171, 0.00376, 0.0292, 0.00573, 0.0535, 0.0208, 0.0292, 0.0252, 0.0376, 0.0709, 0.00493, 0.0297, 0.0348, 0.0923, 0.0353, 0.0419, 1, 0.00665, 0.0271, 0.0212, 0, 0.0448, 0.00617, 0.0213, 0.0859, 0.162, 0.00873, ..., 0.0706, 0.0706, 0.0725, 0.0816, 0.0697, 0.138, 0.0719, 0.0836, 0.0836, 0.0566, 0.0373, 0.0548, 0.0309, 0.0299, 0.0451, 0.014, 0.0597, 0.0245, 0.021, 0.00821, 0.131, 0.0259, 0.0304, 0.0363, 0.0288, 0.0163, 0.0383, 0.0122, 0.0228, 0.0119],\n",
       "       [0.04, 0.0485, 0.0316, 0.0369, 0.0159, 0.0741, 0.00804, 0.0545, 0.0447, 0.1, 0.0226, 0.0151, 0.0725, 0.0119, 0.0215, 0.0328, 0.0452, 0.0139, 0.0101, 0.00665, 1, 0.093, 0.00423, 0, 0.0389, 0.0135, 0.0578, 0.0237, 0.043, 0.00497, ..., 0.0211, 0.0211, 0.0177, 0.0316, 0.0184, 0.0275, 0.0247, 0.0347, 0.0347, 0.018, 0.064, 0.0646, 0.0429, 0.0556, 0.0301, 0.0152, 0.0181, 0.025, 0.0354, 0.0122, 0.0263, 0.0182, 0.0284, 0.0479, 0.00429, 0.0361, 0.0144, 0.0291, 0.0346, 0.0251],\n",
       "       [0.0568, 0.165, 0.0678, 0.0447, 0.02, 0.0597, 0.0231, 0.0664, 0.0739, 0.0978, 0.105, 0.0512, 0.0768, 0.0257, 0.095, 0.103, 0.0756, 0.0444, 0.0372, 0.0271, 0.093, 1, 0.0428, 0.0021, 0.126, 0.0401, 0.106, 0.0385, 0.0414, 0.0592, ..., 0.0625, 0.0625, 0.054, 0.0801, 0.0799, 0.0551, 0.0658, 0.0628, 0.0628, 0.0488, 0.0524, 0.0447, 0.0253, 0.0594, 0.0516, 0.0269, 0.0495, 0.0311, 0.041, 0.0447, 0.0534, 0.0167, 0.0392, 0.0649, 0.0198, 0.0326, 0.0627, 0.0236, 0.0412, 0.0247],\n",
       "       [0.013, 0.0162, 0, 0.0212, 0.00814, 0.0234, 0.00735, 0.0383, 0.00819, 0.022, 0.0459, 0.0289, 0.0315, 0, 0.0437, 0.035, 0.024, 0.0237, 0.0129, 0.0212, 0.00423, 0.0428, 1, 0.00973, 0.00758, 0.00785, 0.0293, 0.0133, 0.0418, 0.0187, ..., 0.0318, 0.0318, 0.0287, 0.0284, 0.0292, 0.0397, 0.0287, 0.0312, 0.0312, 0.0316, 0.0382, 0.0452, 0.034, 0.0377, 0.0199, 0.0101, 0.0239, 0.0168, 0.0101, 0.0172, 0.0124, 0.00552, 0.0406, 0.0151, 0.0388, 0.00679, 0.0441, 0.0546, 0.0293, 0.0125],\n",
       "       [0.0258, 0.00877, 0, 0.00745, 0.298, 0.0049, 0.00851, 0.00757, 0.00429, 0, 0.0125, 0.0505, 0.017, 0, 0.00386, 0.0212, 0.00376, 0.00436, 0.0107, 0, 0, 0.0021, 0.00973, 1, 0, 0.0225, 0, 0.00182, 0.00194, 0, ..., 0.00331, 0.00331, 0.00267, 0.0114, 0.01, 0.00321, 0.00378, 0.00513, 0.00513, 0.00813, 0.00539, 0.00549, 0.00266, 0.0019, 0.0107, 0.00233, 0.00672, 0.0627, 0.00224, 0.0304, 0.00283, 0, 0.0166, 0.00597, 0.00242, 0, 0.00248, 0.00469, 0.0218, 0],\n",
       "       [0.0493, 0.121, 0.0328, 0.171, 0.0142, 0.0956, 0.0357, 0.0256, 0.0131, 0.0846, 0.0736, 0.0384, 0.0851, 0.0423, 0.0318, 0.113, 0.0717, 0.0574, 0.0499, 0.0448, 0.0389, 0.126, 0.00758, 0, 1, 0.0691, 0.0786, 0.0376, 0.0464, 0.0448, ..., 0.11, 0.11, 0.0942, 0.0875, 0.116, 0.0962, 0.0975, 0.0935, 0.0935, 0.0709, 0.0304, 0.0343, 0.012, 0.0663, 0.0394, 0.022, 0.0297, 0.027, 0.0226, 0.022, 0.0774, 0.0413, 0.0287, 0.0526, 0.0178, 0.0579, 0.0425, 0.0193, 0.0432, 0.0209],\n",
       "       [0.0652, 0.0608, 0.124, 0.00123, 0.0135, 0.0299, 0.0335, 0.0438, 0.0145, 0.0372, 0.0377, 0.0515, 0.0881, 0.0133, 0.0156, 0.0455, 0.0275, 0.0481, 0.0554, 0.00617, 0.0135, 0.0401, 0.00785, 0.0225, 0.0691, 1, 0.0261, 0.0054, 0.0658, 0.0346, ..., 0.0556, 0.0556, 0.0487, 0.07, 0.0583, 0.0434, 0.0491, 0.053, 0.053, 0.0334, 0.028, 0.0576, 0.00858, 0.0778, 0.0366, 0.0183, 0.0124, 0.0277, 0.0343, 0.0252, 0.0396, 0.0121, 0.0455, 0.0607, 0.00781, 0.0547, 0.043, 0.0714, 0.0532, 0.00738],\n",
       "       [0.0514, 0.0639, 0.0206, 0.0234, 0.00713, 0.066, 0.0434, 0.0316, 0.0218, 0.0265, 0.103, 0.0653, 0.0883, 0.0258, 0.0724, 0.0492, 0.0544, 0.0195, 0.0363, 0.0213, 0.0578, 0.106, 0.0293, 0, 0.0786, 0.0261, 1, 0.0298, 0.0467, 0.017, ..., 0.0527, 0.0527, 0.0455, 0.0574, 0.0532, 0.0647, 0.0705, 0.0665, 0.0665, 0.0359, 0.0622, 0.0376, 0.0345, 0.0404, 0.0559, 0.047, 0.0214, 0.0205, 0.0272, 0.0242, 0.0377, 0.0343, 0.0511, 0.105, 0.0424, 0.0497, 0.0438, 0.0265, 0.0666, 0.0621],\n",
       "       [0.0588, 0.0396, 0.0104, 0.0299, 0.00614, 0.0316, 0.016, 0.0388, 0.0245, 0.04, 0.044, 0.047, 0.0468, 0.0177, 0.0299, 0.0286, 0.0776, 0.0497, 0.0392, 0.0859, 0.0237, 0.0385, 0.0133, 0.00182, 0.0376, 0.0054, 0.0298, 1, 0.0457, 0.0143, ..., 0.0436, 0.0436, 0.036, 0.0764, 0.0662, 0.054, 0.0947, 0.105, 0.105, 0.0827, 0.0314, 0.253, 0.0389, 0.048, 0.0436, 0.0298, 0.037, 0.036, 0.024, 0.0435, 0.0639, 0.016, 0.0552, 0.0483, 0.0236, 0.0541, 0.0305, 0.0521, 0.0388, 0.0297],\n",
       "       [0.0969, 0.0713, 0.0197, 0.0503, 0.0924, 0.0623, 0.0264, 0.202, 0.0443, 0.0561, 0.0528, 0.0427, 0.0619, 0.0338, 0.0352, 0.0488, 0.0645, 0.0435, 0.0239, 0.162, 0.043, 0.0414, 0.0418, 0.00194, 0.0464, 0.0658, 0.0467, 0.0457, 1, 0.0293, ..., 0.0651, 0.0651, 0.0566, 0.0669, 0.0799, 0.0673, 0.0617, 0.0637, 0.0637, 0.0452, 0.0762, 0.0519, 0.103, 0.0795, 0.026, 0.0213, 0.0618, 0.0784, 0.0799, 0.21, 0.0627, 0.0196, 0.121, 0.0558, 0.058, 0.0466, 0.0367, 0.0892, 0.0441, 0.0318],\n",
       "       [0.0146, 0.0506, 0.0284, 0.00842, 0, 0.0145, 0.014, 0.101, 0.0291, 0.0607, 0.0124, 0.0374, 0.0655, 0, 0.0155, 0.0352, 0.045, 0.0213, 0.00738, 0.00873, 0.00497, 0.0592, 0.0187, 0, 0.0448, 0.0346, 0.017, 0.0143, 0.0293, 1, ..., 0.0434, 0.0434, 0.0296, 0.0248, 0.0427, 0.0363, 0.0345, 0.0346, 0.0346, 0.0231, 0.0176, 0.011, 0.0139, 0.0247, 0.0159, 0.00321, 0.0244, 0.0215, 0.00986, 0.0116, 0.0319, 0, 0.0147, 0.0127, 0.0573, 0.0191, 0.0128, 0.0065, 0.0227, 0.00393],\n",
       "       ...,\n",
       "       [0.039, 0.0723, 0.0137, 0.0712, 0.0242, 0.0458, 0.0477, 0.0599, 0.0326, 0.0849, 0.0668, 0.052, 0.186, 0.0279, 0.0367, 0.0787, 0.147, 0.0958, 0.0398, 0.0706, 0.0211, 0.0625, 0.0318, 0.00331, 0.11, 0.0556, 0.0527, 0.0436, 0.0651, 0.0434, ..., 1, 1, 0.623, 0.533, 0.572, 0.488, 0.491, 0.54, 0.54, 0.332, 0.0809, 0.0972, 0.0431, 0.0593, 0.111, 0.046, 0.0686, 0.0711, 0.0593, 0.0326, 0.126, 0.0512, 0.0714, 0.113, 0.0335, 0.085, 0.0648, 0.0636, 0.0653, 0.0354],\n",
       "       [0.039, 0.0723, 0.0137, 0.0712, 0.0242, 0.0458, 0.0477, 0.0599, 0.0326, 0.0849, 0.0668, 0.052, 0.186, 0.0279, 0.0367, 0.0787, 0.147, 0.0958, 0.0398, 0.0706, 0.0211, 0.0625, 0.0318, 0.00331, 0.11, 0.0556, 0.0527, 0.0436, 0.0651, 0.0434, ..., 1, 1, 0.623, 0.533, 0.572, 0.488, 0.491, 0.54, 0.54, 0.332, 0.0809, 0.0972, 0.0431, 0.0593, 0.111, 0.046, 0.0686, 0.0711, 0.0593, 0.0326, 0.126, 0.0512, 0.0714, 0.113, 0.0335, 0.085, 0.0648, 0.0636, 0.0653, 0.0354],\n",
       "       [0.0289, 0.0792, 0.015, 0.0567, 0.0265, 0.0485, 0.038, 0.0382, 0.0344, 0.0794, 0.0446, 0.0328, 0.116, 0.0292, 0.0391, 0.0546, 0.147, 0.0724, 0.0424, 0.0725, 0.0177, 0.054, 0.0287, 0.00267, 0.0942, 0.0487, 0.0455, 0.036, 0.0566, 0.0296, ..., 0.623, 0.623, 1, 0.538, 0.598, 0.519, 0.605, 0.519, 0.519, 0.266, 0.0607, 0.0628, 0.0377, 0.0714, 0.0647, 0.0339, 0.0394, 0.0257, 0.0532, 0.0264, 0.116, 0.0264, 0.0622, 0.0825, 0.0236, 0.0652, 0.0575, 0.0542, 0.0553, 0.0283],\n",
       "       [0.041, 0.0678, 0.0203, 0.0573, 0.0303, 0.0739, 0.0214, 0.0726, 0.0377, 0.105, 0.112, 0.064, 0.195, 0.0245, 0.0858, 0.112, 0.134, 0.0936, 0.0599, 0.0816, 0.0316, 0.0801, 0.0284, 0.0114, 0.0875, 0.07, 0.0574, 0.0764, 0.0669, 0.0248, ..., 0.533, 0.533, 0.538, 1, 0.484, 0.435, 0.477, 0.43, 0.43, 0.229, 0.102, 0.0581, 0.0748, 0.0682, 0.0928, 0.0493, 0.0826, 0.05, 0.0672, 0.0434, 0.117, 0.0701, 0.108, 0.119, 0.0269, 0.0861, 0.0744, 0.0588, 0.0646, 0.0518],\n",
       "       [0.0532, 0.0882, 0.016, 0.0632, 0.0209, 0.0401, 0.0625, 0.078, 0.0369, 0.0844, 0.091, 0.0461, 0.121, 0.0262, 0.0509, 0.0876, 0.103, 0.102, 0.0446, 0.0697, 0.0184, 0.0799, 0.0292, 0.01, 0.116, 0.0583, 0.0532, 0.0662, 0.0799, 0.0427, ..., 0.572, 0.572, 0.598, 0.484, 1, 0.446, 0.486, 0.439, 0.439, 0.273, 0.0934, 0.0704, 0.0619, 0.0651, 0.117, 0.0606, 0.0701, 0.0411, 0.065, 0.0508, 0.145, 0.052, 0.0883, 0.109, 0.0391, 0.0712, 0.0715, 0.0514, 0.0685, 0.0299],\n",
       "       [0.0524, 0.069, 0.00677, 0.182, 0.022, 0.0848, 0.0335, 0.0559, 0.035, 0.0681, 0.0516, 0.0696, 0.172, 0.0304, 0.0499, 0.0684, 0.145, 0.088, 0.0419, 0.138, 0.0275, 0.0551, 0.0397, 0.00321, 0.0962, 0.0434, 0.0647, 0.054, 0.0673, 0.0363, ..., 0.488, 0.488, 0.519, 0.435, 0.446, 1, 0.488, 0.457, 0.457, 0.219, 0.0808, 0.0677, 0.0612, 0.054, 0.156, 0.0358, 0.0497, 0.0315, 0.0468, 0.056, 0.142, 0.0575, 0.0678, 0.0887, 0.0238, 0.0664, 0.0524, 0.0507, 0.0576, 0.041],\n",
       "       [0.0378, 0.0743, 0.00968, 0.0555, 0.0215, 0.0527, 0.0374, 0.0518, 0.0317, 0.0877, 0.0588, 0.0497, 0.131, 0.0318, 0.0885, 0.0597, 0.123, 0.0739, 0.054, 0.0719, 0.0247, 0.0658, 0.0287, 0.00378, 0.0975, 0.0491, 0.0705, 0.0947, 0.0617, 0.0345, ..., 0.491, 0.491, 0.605, 0.477, 0.486, 0.488, 1, 0.611, 0.611, 0.488, 0.0905, 0.0738, 0.0548, 0.077, 0.0705, 0.0381, 0.0556, 0.0313, 0.0418, 0.0371, 0.127, 0.0328, 0.0758, 0.0918, 0.0386, 0.0628, 0.0604, 0.0423, 0.064, 0.0395],\n",
       "       [0.0498, 0.0942, 0.0188, 0.0635, 0.0195, 0.0598, 0.0378, 0.068, 0.0406, 0.0927, 0.0603, 0.0339, 0.171, 0.0323, 0.0938, 0.0739, 0.123, 0.0784, 0.0569, 0.0836, 0.0347, 0.0628, 0.0312, 0.00513, 0.0935, 0.053, 0.0665, 0.105, 0.0637, 0.0346, ..., 0.54, 0.54, 0.519, 0.43, 0.439, 0.457, 0.611, 1, 1, 0.575, 0.104, 0.0906, 0.0586, 0.0829, 0.118, 0.043, 0.0645, 0.0491, 0.0578, 0.0462, 0.125, 0.0368, 0.0788, 0.143, 0.0348, 0.0773, 0.0536, 0.0403, 0.0748, 0.0328],\n",
       "       [0.0498, 0.0942, 0.0188, 0.0635, 0.0195, 0.0598, 0.0378, 0.068, 0.0406, 0.0927, 0.0603, 0.0339, 0.171, 0.0323, 0.0938, 0.0739, 0.123, 0.0784, 0.0569, 0.0836, 0.0347, 0.0628, 0.0312, 0.00513, 0.0935, 0.053, 0.0665, 0.105, 0.0637, 0.0346, ..., 0.54, 0.54, 0.519, 0.43, 0.439, 0.457, 0.611, 1, 1, 0.575, 0.104, 0.0906, 0.0586, 0.0829, 0.118, 0.043, 0.0645, 0.0491, 0.0578, 0.0462, 0.125, 0.0368, 0.0788, 0.143, 0.0348, 0.0773, 0.0536, 0.0403, 0.0748, 0.0328],\n",
       "       [0.0423, 0.0505, 0.0106, 0.0436, 0.0182, 0.0328, 0.0333, 0.0585, 0.0277, 0.0678, 0.0497, 0.0276, 0.115, 0.0242, 0.0382, 0.0589, 0.0693, 0.0573, 0.0381, 0.0566, 0.018, 0.0488, 0.0316, 0.00813, 0.0709, 0.0334, 0.0359, 0.0827, 0.0452, 0.0231, ..., 0.332, 0.332, 0.266, 0.229, 0.273, 0.219, 0.488, 0.575, 0.575, 1, 0.092, 0.0684, 0.0502, 0.0549, 0.087, 0.0288, 0.0499, 0.0454, 0.0333, 0.0224, 0.0729, 0.0298, 0.0577, 0.0897, 0.0231, 0.026, 0.0336, 0.0416, 0.0456, 0.0224],\n",
       "       [0.105, 0.0789, 0.0206, 0.0542, 0.0152, 0.0928, 0.0232, 0.104, 0.0412, 0.0592, 0.0736, 0.0954, 0.106, 0.0571, 0.0576, 0.0489, 0.0769, 0.0392, 0.0369, 0.0373, 0.064, 0.0524, 0.0382, 0.00539, 0.0304, 0.028, 0.0622, 0.0314, 0.0762, 0.0176, ..., 0.0809, 0.0809, 0.0607, 0.102, 0.0934, 0.0808, 0.0905, 0.104, 0.104, 0.092, 1, 0.109, 0.105, 0.109, 0.0806, 0.0915, 0.0357, 0.0256, 0.0649, 0.0276, 0.0774, 0.0743, 0.065, 0.145, 0.0524, 0.0423, 0.0599, 0.0705, 0.156, 0.0742],\n",
       "       [0.0647, 0.0556, 0.0457, 0.0491, 0.022, 0.0839, 0.0342, 0.0676, 0.0373, 0.0359, 0.0537, 0.0344, 0.0878, 0.0454, 0.0405, 0.0731, 0.094, 0.0437, 0.0299, 0.0548, 0.0646, 0.0447, 0.0452, 0.00549, 0.0343, 0.0576, 0.0376, 0.253, 0.0519, 0.011, ..., 0.0972, 0.0972, 0.0628, 0.0581, 0.0704, 0.0677, 0.0738, 0.0906, 0.0906, 0.0684, 0.109, 1, 0.0352, 0.108, 0.0752, 0.028, 0.0747, 0.0417, 0.063, 0.0283, 0.0661, 0.0192, 0.051, 0.141, 0.00669, 0.0736, 0.0354, 0.0838, 0.175, 0.0197],\n",
       "       [0.0217, 0.0359, 0.00328, 0.0284, 0.00604, 0.0483, 0.00615, 0.0833, 0.0315, 0.0408, 0.0503, 0.0495, 0.0636, 0.0227, 0.032, 0.0383, 0.0361, 0.0452, 0.0262, 0.0309, 0.0429, 0.0253, 0.034, 0.00266, 0.012, 0.00858, 0.0345, 0.0389, 0.103, 0.0139, ..., 0.0431, 0.0431, 0.0377, 0.0748, 0.0619, 0.0612, 0.0548, 0.0586, 0.0586, 0.0502, 0.105, 0.0352, 1, 0.0496, 0.0575, 0.115, 0.0469, 0.042, 0.0381, 0.0935, 0.0275, 0.0455, 0.0876, 0.0797, 0.0598, 0.0176, 0.336, 0.0587, 0.134, 0.0381],\n",
       "       [0.0751, 0.118, 0.0307, 0.0518, 0.0214, 0.106, 0.0221, 0.0755, 0.0533, 0.0687, 0.0387, 0.0425, 0.0971, 0.0348, 0.0332, 0.0711, 0.0797, 0.0374, 0.0448, 0.0299, 0.0556, 0.0594, 0.0377, 0.0019, 0.0663, 0.0778, 0.0404, 0.048, 0.0795, 0.0247, ..., 0.0593, 0.0593, 0.0714, 0.0682, 0.0651, 0.054, 0.077, 0.0829, 0.0829, 0.0549, 0.109, 0.108, 0.0496, 1, 0.0547, 0.0278, 0.0434, 0.0288, 0.0901, 0.0169, 0.0674, 0.0299, 0.0736, 0.109, 0.0158, 0.0485, 0.049, 0.0897, 0.106, 0.0313],\n",
       "       [0.108, 0.0554, 0.0183, 0.037, 0.0186, 0.0599, 0.0687, 0.0617, 0.0271, 0.0734, 0.142, 0.029, 0.1, 0.0268, 0.0884, 0.0579, 0.0861, 0.0526, 0.0697, 0.0451, 0.0301, 0.0516, 0.0199, 0.0107, 0.0394, 0.0366, 0.0559, 0.0436, 0.026, 0.0159, ..., 0.111, 0.111, 0.0647, 0.0928, 0.117, 0.156, 0.0705, 0.118, 0.118, 0.087, 0.0806, 0.0752, 0.0575, 0.0547, 1, 0.143, 0.137, 0.0369, 0.0553, 0.0471, 0.0963, 0.0185, 0.0611, 0.0909, 0.0218, 0.0944, 0.0595, 0.056, 0.0841, 0.0478],\n",
       "       [0.0511, 0.0198, 0.0101, 0.0327, 0.0153, 0.0394, 0.0219, 0.0299, 0.0127, 0.0291, 0.0371, 0.0487, 0.0577, 0.0257, 0.0485, 0.0313, 0.0219, 0.0151, 0.0194, 0.014, 0.0152, 0.0269, 0.0101, 0.00233, 0.022, 0.0183, 0.047, 0.0298, 0.0213, 0.00321, ..., 0.046, 0.046, 0.0339, 0.0493, 0.0606, 0.0358, 0.0381, 0.043, 0.043, 0.0288, 0.0915, 0.028, 0.115, 0.0278, 0.143, 1, 0.0181, 0.00642, 0.0244, 0.0207, 0.0619, 0.0794, 0.053, 0.0509, 0.0272, 0.0254, 0.0975, 0.00933, 0.0673, 0.041],\n",
       "       [0.0599, 0.0579, 0.0301, 0.025, 0.0298, 0.0444, 0.0113, 0.0706, 0.0198, 0.0491, 0.0849, 0.034, 0.0591, 0.0018, 0.111, 0.0327, 0.0725, 0.0435, 0.0297, 0.0597, 0.0181, 0.0495, 0.0239, 0.00672, 0.0297, 0.0124, 0.0214, 0.037, 0.0618, 0.0244, ..., 0.0686, 0.0686, 0.0394, 0.0826, 0.0701, 0.0497, 0.0556, 0.0645, 0.0645, 0.0499, 0.0357, 0.0747, 0.0469, 0.0434, 0.137, 0.0181, 1, 0.09, 0.0238, 0.0143, 0.0579, 0.00774, 0.0339, 0.0652, 0.0161, 0.0759, 0.0242, 0.0447, 0.0503, 0.0113],\n",
       "       [0.0288, 0.0644, 0.0715, 0.0428, 0.00586, 0.0197, 0.00738, 0.0872, 0.0226, 0.0298, 0.0492, 0.0508, 0.0794, 0, 0.027, 0.0352, 0.0305, 0.0639, 0.0223, 0.0245, 0.025, 0.0311, 0.0168, 0.0627, 0.027, 0.0277, 0.0205, 0.036, 0.0784, 0.0215, ..., 0.0711, 0.0711, 0.0257, 0.05, 0.0411, 0.0315, 0.0313, 0.0491, 0.0491, 0.0454, 0.0256, 0.0417, 0.042, 0.0288, 0.0369, 0.00642, 0.09, 1, 0.0318, 0.0429, 0.038, 0.0053, 0.0602, 0.0349, 0.0149, 0.0807, 0.0198, 0.0706, 0.0206, 0.0194],\n",
       "       [0.0381, 0.0323, 0.0214, 0.0416, 0.0211, 0.0415, 0.0129, 0.0893, 0.0245, 0.0504, 0.0671, 0.0201, 0.0598, 0.029, 0.0271, 0.0615, 0.0373, 0.0337, 0.0201, 0.021, 0.0354, 0.041, 0.0101, 0.00224, 0.0226, 0.0343, 0.0272, 0.024, 0.0799, 0.00986, ..., 0.0593, 0.0593, 0.0532, 0.0672, 0.065, 0.0468, 0.0418, 0.0578, 0.0578, 0.0333, 0.0649, 0.063, 0.0381, 0.0901, 0.0553, 0.0244, 0.0238, 0.0318, 1, 0.0444, 0.0468, 0.07, 0.0463, 0.0687, 0.00952, 0.0606, 0.0299, 0.0347, 0.063, 0.0487],\n",
       "       [0.0131, 0.0315, 0.00618, 0.02, 0.0614, 0.0332, 0.0135, 0.142, 0.0319, 0.022, 0.0569, 0.0274, 0.0235, 0.0145, 0.0246, 0.0397, 0.0279, 0.0279, 0.00956, 0.00821, 0.0122, 0.0447, 0.0172, 0.0304, 0.022, 0.0252, 0.0242, 0.0435, 0.21, 0.0116, ..., 0.0326, 0.0326, 0.0264, 0.0434, 0.0508, 0.056, 0.0371, 0.0462, 0.0462, 0.0224, 0.0276, 0.0283, 0.0935, 0.0169, 0.0471, 0.0207, 0.0143, 0.0429, 0.0444, 1, 0.0203, 0.0276, 0.0812, 0.0432, 0.0424, 0.0165, 0.0212, 0.0335, 0.0242, 0.0662],\n",
       "       [0.066, 0.0891, 0.0214, 0.048, 0.0199, 0.0446, 0.0894, 0.0721, 0.0288, 0.0498, 0.0603, 0.0423, 0.0943, 0.0281, 0.0362, 0.079, 0.146, 0.0901, 0.0411, 0.131, 0.0263, 0.0534, 0.0124, 0.00283, 0.0774, 0.0396, 0.0377, 0.0639, 0.0627, 0.0319, ..., 0.126, 0.126, 0.116, 0.117, 0.145, 0.142, 0.127, 0.125, 0.125, 0.0729, 0.0774, 0.0661, 0.0275, 0.0674, 0.0963, 0.0619, 0.0579, 0.038, 0.0468, 0.0203, 1, 0.0308, 0.0593, 0.0768, 0.0535, 0.0591, 0.0432, 0.034, 0.0543, 0.0334],\n",
       "       [0.0226, 0.0324, 0.00518, 0.0477, 0.0286, 0.0563, 0.0395, 0.0399, 0.0331, 0.027, 0.0229, 0.089, 0.04, 0.02, 0.0455, 0.0237, 0.0292, 0.0131, 0.0261, 0.0259, 0.0182, 0.0167, 0.00552, 0, 0.0413, 0.0121, 0.0343, 0.016, 0.0196, 0, ..., 0.0512, 0.0512, 0.0264, 0.0701, 0.052, 0.0575, 0.0328, 0.0368, 0.0368, 0.0298, 0.0743, 0.0192, 0.0455, 0.0299, 0.0185, 0.0794, 0.00774, 0.0053, 0.07, 0.0276, 0.0308, 1, 0.0497, 0.046, 0.0177, 0.0183, 0.0379, 0.00768, 0.0432, 0.212],\n",
       "       [0.0535, 0.0547, 0.00668, 0.0164, 0.0296, 0.0727, 0.02, 0.121, 0.0473, 0.0586, 0.0783, 0.0911, 0.0918, 0.0406, 0.0453, 0.0596, 0.0644, 0.0784, 0.0516, 0.0304, 0.0284, 0.0392, 0.0406, 0.0166, 0.0287, 0.0455, 0.0511, 0.0552, 0.121, 0.0147, ..., 0.0714, 0.0714, 0.0622, 0.108, 0.0883, 0.0678, 0.0758, 0.0788, 0.0788, 0.0577, 0.065, 0.051, 0.0876, 0.0736, 0.0611, 0.053, 0.0339, 0.0602, 0.0463, 0.0812, 0.0593, 0.0497, 1, 0.0924, 0.0264, 0.133, 0.0529, 0.0685, 0.0658, 0.0422],\n",
       "       [0.0978, 0.0854, 0.0313, 0.0559, 0.0171, 0.105, 0.0451, 0.0725, 0.0326, 0.0721, 0.0872, 0.0544, 0.0859, 0.0741, 0.0978, 0.0908, 0.0684, 0.0468, 0.0464, 0.0363, 0.0479, 0.0649, 0.0151, 0.00597, 0.0526, 0.0607, 0.105, 0.0483, 0.0558, 0.0127, ..., 0.113, 0.113, 0.0825, 0.119, 0.109, 0.0887, 0.0918, 0.143, 0.143, 0.0897, 0.145, 0.141, 0.0797, 0.109, 0.0909, 0.0509, 0.0652, 0.0349, 0.0687, 0.0432, 0.0768, 0.046, 0.0924, 1, 0.0257, 0.0964, 0.0581, 0.0528, 0.158, 0.0522],\n",
       "       [0.0215, 0.0215, 0.00394, 0.0112, 0.00231, 0.013, 0.0121, 0.0512, 0.01, 0.0134, 0.0547, 0.0216, 0.043, 0.00412, 0.0142, 0.0261, 0.0338, 0.0247, 0.0191, 0.0288, 0.00429, 0.0198, 0.0388, 0.00242, 0.0178, 0.00781, 0.0424, 0.0236, 0.058, 0.0573, ..., 0.0335, 0.0335, 0.0236, 0.0269, 0.0391, 0.0238, 0.0386, 0.0348, 0.0348, 0.0231, 0.0524, 0.00669, 0.0598, 0.0158, 0.0218, 0.0272, 0.0161, 0.0149, 0.00952, 0.0424, 0.0535, 0.0177, 0.0264, 0.0257, 1, 0.0385, 0.0418, 0.0085, 0.112, 0.0437],\n",
       "       [0.041, 0.0482, 0.0474, 0.0128, 0.00902, 0.0292, 0.0299, 0.035, 0.0253, 0.0468, 0.101, 0.033, 0.0766, 0.0377, 0.0352, 0.0549, 0.0413, 0.0704, 0.028, 0.0163, 0.0361, 0.0326, 0.00679, 0, 0.0579, 0.0547, 0.0497, 0.0541, 0.0466, 0.0191, ..., 0.085, 0.085, 0.0652, 0.0861, 0.0712, 0.0664, 0.0628, 0.0773, 0.0773, 0.026, 0.0423, 0.0736, 0.0176, 0.0485, 0.0944, 0.0254, 0.0759, 0.0807, 0.0606, 0.0165, 0.0591, 0.0183, 0.133, 0.0964, 0.0385, 1, 0.0234, 0.0575, 0.0781, 0.0549],\n",
       "       [0.0447, 0.0445, 0.0264, 0.0351, 0.00898, 0.0437, 0.0264, 0.0486, 0.0467, 0.0446, 0.0545, 0.0376, 0.0621, 0.0234, 0.0383, 0.0396, 0.0522, 0.0353, 0.0282, 0.0383, 0.0144, 0.0627, 0.0441, 0.00248, 0.0425, 0.043, 0.0438, 0.0305, 0.0367, 0.0128, ..., 0.0648, 0.0648, 0.0575, 0.0744, 0.0715, 0.0524, 0.0604, 0.0536, 0.0536, 0.0336, 0.0599, 0.0354, 0.336, 0.049, 0.0595, 0.0975, 0.0242, 0.0198, 0.0299, 0.0212, 0.0432, 0.0379, 0.0529, 0.0581, 0.0418, 0.0234, 1, 0.0155, 0.147, 0.0531],\n",
       "       [0.0689, 0.0487, 0.00503, 0.0311, 0.0196, 0.0523, 0.0185, 0.0726, 0.0311, 0.0418, 0.0166, 0.0384, 0.0407, 0.0151, 0.0158, 0.0379, 0.045, 0.0881, 0.0264, 0.0122, 0.0291, 0.0236, 0.0546, 0.00469, 0.0193, 0.0714, 0.0265, 0.0521, 0.0892, 0.0065, ..., 0.0636, 0.0636, 0.0542, 0.0588, 0.0514, 0.0507, 0.0423, 0.0403, 0.0403, 0.0416, 0.0705, 0.0838, 0.0587, 0.0897, 0.056, 0.00933, 0.0447, 0.0706, 0.0347, 0.0335, 0.034, 0.00768, 0.0685, 0.0528, 0.0085, 0.0575, 0.0155, 1, 0.0894, 0.0124],\n",
       "       [0.0666, 0.0513, 0.0316, 0.0424, 0.055, 0.0944, 0.018, 0.0558, 0.0319, 0.0219, 0.0557, 0.0549, 0.0898, 0.0362, 0.0361, 0.0584, 0.0649, 0.0476, 0.0341, 0.0228, 0.0346, 0.0412, 0.0293, 0.0218, 0.0432, 0.0532, 0.0666, 0.0388, 0.0441, 0.0227, ..., 0.0653, 0.0653, 0.0553, 0.0646, 0.0685, 0.0576, 0.064, 0.0748, 0.0748, 0.0456, 0.156, 0.175, 0.134, 0.106, 0.0841, 0.0673, 0.0503, 0.0206, 0.063, 0.0242, 0.0543, 0.0432, 0.0658, 0.158, 0.112, 0.0781, 0.147, 0.0894, 1, 0.0366],\n",
       "       [0.0359, 0.0183, 0.0051, 0.0233, 0.0187, 0.0272, 0.0266, 0.0334, 0.0492, 0.0238, 0.0982, 0.0521, 0.0521, 0.0421, 0.0315, 0.0402, 0.0384, 0.0213, 0.0276, 0.0119, 0.0251, 0.0247, 0.0125, 0, 0.0209, 0.00738, 0.0621, 0.0297, 0.0318, 0.00393, ..., 0.0354, 0.0354, 0.0283, 0.0518, 0.0299, 0.041, 0.0395, 0.0328, 0.0328, 0.0224, 0.0742, 0.0197, 0.0381, 0.0313, 0.0478, 0.041, 0.0113, 0.0194, 0.0487, 0.0662, 0.0334, 0.212, 0.0422, 0.0522, 0.0437, 0.0549, 0.0531, 0.0124, 0.0366, 1]], shape=(60000, 60000))"
      ]
     },
     "execution_count": 10,
     "metadata": {},
     "output_type": "execute_result"
    }
   ],
   "source": [
    "similarity_matrix"
   ]
  },
  {
   "cell_type": "code",
   "execution_count": 14,
   "id": "88d21e08",
   "metadata": {},
   "outputs": [
    {
     "name": "stdout",
     "output_type": "stream",
     "text": [
      "job 0.021685729460679242\n",
      "lead 0.029276973879254323\n",
      "real 0.10946617307188378\n",
      "estate 0.1335358393722898\n",
      "firm 0.049890214292548536\n",
      "new 0.026023228799450532\n",
      "jersey 0.07946226389360266\n",
      "seek 0.03322078371937916\n",
      "administrative 0.051497700351800825\n",
      "marketing 0.3541977535793666\n"
     ]
    }
   ],
   "source": [
    "row = X_tfidf[0]\n",
    "\n",
    "row.indices      \n",
    "row.data         \n",
    "feature_names = vectorizer.get_feature_names_out()\n",
    "\n",
    "for i, v in zip(row.indices[:10], row.data[:10]):\n",
    "    print(feature_names[i], v)\n"
   ]
  },
  {
   "cell_type": "code",
   "execution_count": 20,
   "id": "3a39a395",
   "metadata": {},
   "outputs": [],
   "source": [
    "def get_job_profile(index, top_n=10):\n",
    "    if index < 0 or index >= X_tfidf.shape[0]:\n",
    "        raise ValueError(\"Invalid job index\")\n",
    "    row = X_tfidf[index]\n",
    "    feature_names = vectorizer.get_feature_names_out()\n",
    "    pairs = list(zip(row.indices, row.data))\n",
    "    sorted_pairs = sorted(pairs, key=lambda x: x[1], reverse=True)  \n",
    "    top_features = [(feature_names[pair[0]], pair[1]) for pair in sorted_pairs[:top_n]]\n",
    "    return top_features"
   ]
  },
  {
   "cell_type": "code",
   "execution_count": 22,
   "id": "28169d4d",
   "metadata": {},
   "outputs": [
    {
     "data": {
      "text/plain": [
       "[('club', np.float64(0.3281341427961785)),\n",
       " ('building', np.float64(0.23661700275131994)),\n",
       " ('emergency response', np.float64(0.2123660638634041)),\n",
       " ('maintenance', np.float64(0.1744835797302859)),\n",
       " ('emergency', np.float64(0.16010014753959292)),\n",
       " ('premium', np.float64(0.1516014292287037)),\n",
       " ('desire', np.float64(0.14608740829343286)),\n",
       " ('response', np.float64(0.13023925713190176)),\n",
       " ('system', np.float64(0.11879090897568315)),\n",
       " ('paid', np.float64(0.11611601888368796))]"
      ]
     },
     "execution_count": 22,
     "metadata": {},
     "output_type": "execute_result"
    }
   ],
   "source": [
    "get_job_profile(7)"
   ]
  },
  {
   "cell_type": "code",
   "execution_count": 23,
   "id": "11dca828",
   "metadata": {},
   "outputs": [
    {
     "data": {
      "text/plain": [
       "0                                    Marketing Coordinator\n",
       "1                        Mental Health Therapist/Counselor\n",
       "2                              Assitant Restaurant Manager\n",
       "3        Senior Elder Law / Trusts and Estates Associat...\n",
       "4                                       Service Technician\n",
       "                               ...                        \n",
       "7058                            Oracle EPM Project Manager\n",
